
@memory cs.m1

@0
1000 20835 435 2014 103c 3014 103f 4014
100c 5014 101c 1014 6800 1014 7814 8814
b035 9014 a036 e035 1018 c014 b835 1014
c83c d035 d835 1014 e83c f014 f836 10035
1014 80400 11894 1201c c83c 13094 1381c e83c
14894 1501c c83c 1603c 16835 17014 17835 103c
18835 19094 1981c 1a03c 1000 1b814 e014 1c014
a14 1d014 1d814 914 1e836 1f014 1f814 20014
93f 21035 1000 22080 2281c 2303c 23835 24014
24835 25094 2581c 26035 2683f 27035 27835 28080
2881c 2903d 29814 2a014 2a835 2b014 2c035 6036
1014 5835 2d800 2e014 2e835 2f014 30814 7036
1836 31014 1014 32800 2836 32800 32800 32800
32800 32800 32800 32800 32800 32800 32800 32800
32800 32800 32800 32800 32800 32800 32800 32800
32800 32800 32800 32800 32800 32800 3836 32800
4836 32800 32800 32800 15814 32800 32800 32800
32800 32800 32800 32800 32800 32800 32800 32800
32800 32800 32800 32800 32800 32800 32800 32800
32800 1c836 32800 1a836 32800 32800 32800 1e036
32800 32800 32800 32800 32800 32800 32800 18036
32800 32800 32800 32800 2d014 32800 32800 32800
32800 32800 32800 32800 32800 32800 21835 32800
32800 32800 32800 32800 32800 32800 32800 32800
32800 32800 32800 32800 10835 32800 32800 32800
32800 32800 32800 32800 32800 32800 32800 32800
32800 32800 32800 32800 32800 32800 32800 32800
32800 32800 32800 32800 32800 32800 32800 32800
32800 32800 32800 32800 32800 32800 32800 32800
32800 32800 32800 32800 32800 32800 32800 32800
32800 32800 32800 32800 32800 32800 32800 32800
32800 32800 32800 32800 32800 32800 32800 18036

@100
32800 32800 32800 32800 32800 32800 32800 32800
32800 32800 32800 32800 32800 32800 32800 32800
32800 32800 32800 11035 32800 32800 32800 32800
32800 32800 32800 32800 32800 32800 32800 32800
32800 32800 32800 32800 32800 32800 32800 32800
32800 32800 32800 32800 32800 32800 32800 32800
32800 32800 32800 32800 c835 32800 32800 32800
32800 32800 32800 32800 32800 32800

@memory cs.m2

@0
0 201 211 8007 2100 8007 2140 8007
2140 8007 2140 147 0 2000 84 8040
484 107 c4 211 2000 8005 211 2142
a3 484 251 2000 83 147 4a4 211
2000 0 8003 8003 a5 8003 8003 a5
8003 8003 a6 a3 211 8000 211 142
211 8002 8003 218 0 4007 8005 2000
8 4007 2000 8 484 8020 4007 2000
8 211 0 8003 8003 a6 4001 210
211 8003 8003 211 2004 2087 211 8003
8003 144 480 148 484 145 211 4a4
807 484 0 8a0 85 230 84 a4
4a4 800 147 0 4a4 0 0 0
0 0 0 0 0 0 0 0
0 0 0 0 0 0 0 0
0 0 0 0 0 0 4a4 0
4a4 0 0 0 8005 0 0 0
0 0 0 0 0 0 0 0
0 0 0 0 0 0 0 0
0 4a4 0 4a4 0 0 0 4a4
0 0 0 0 0 0 0 4001
0 0 0 0 4a5 0 0 0
0 0 0 0 0 0 211 0
0 0 0 0 0 0 0 0
0 0 0 0 211 0 0 0
0 0 0 0 0 0 0 0
0 0 0 0 0 0 0 0
0 0 0 0 0 0 0 0
0 0 0 0 0 0 0 0
0 0 0 0 0 0 0 0
0 0 0 0 0 0 0 0
0 0 0 0 0 0 0 4001

@100
0 0 0 0 0 0 0 0
0 0 0 0 0 0 0 0
0 0 0 211 0 0 0 0
0 0 0 0 0 0 0 0
0 0 0 0 0 0 0 0
0 0 0 0 0 0 0 0
0 0 0 0 211 0 0 0
0 0 0 0 0 0

@memory RAM

@100
15 77 10 0 9f 0 1f a7
0 3 15 75 15 77 64 36
79 36 75 15 79 9b ff f5
15 77 36 75 15 79 36 77
a7 ff e0 15 75 ac
